Case #1:
1
1
1
1
1
1
1
1
1
1
1
1
1
1
1
1
1
1
1
1
1
1
23
22
22
22
22
2
2
1
1
1
2
22
1
1
1
1
1
1
1
1
1
1
1
1
1
1
1
1
1
1
1
1
1
1
1
1
1
1
1
1
22
4
4
4
4
2
2
2
2
2
2
2
4
22
22
22
22
22
22
22
22
23
23
23
1
1
1
1
1
1
1
1
1
1
1
1
1
1
1
1
1
1
15
14
14
4
3
2
2
2
2
2
2
2
3
1
3
3
4
1
1
4
14
14
14
14
1
1
1
1
1
14
5
4
1
4
4
4
4
4
5
14
14
15
6
2
2
2
1
1
1
2
1
2
2
2
6
6
2
2
1
2
2
2
6
6
14
14
14
14
14
14
14
14
14
14
14
14
14
14
14
10
4
10
14
14
2
2
2
2
1
1
1
1
1
1
1
1
2
2
2
2
14
10
4
10
14
14
14
14
14
14
14
14
6
1
1
1
1
1
1
1
1
1
1
1
1
1
1
1
1
1
1
1
1
1
1
1
1
1
1
1
23
22
22
22
22
1
1
1
1
1
22
2
1
1
1
1
1
2
22
2
2
2
2
2
2
2
2
2
22
1
1
1
22
22
22
22
23
15
14
14
4
14
5
4
2
2
2
4
5
5
5
1
1
1
1
1
1
1
1
1
1
5
14
14
14
14
14
1
1
1
1
1
1
1
1
1
1
1
1
1
1
1
14
14
14
14
14
14
15
23
22
22
22
22
22
22
23
1
1
1
1
1
1
23
1
23
3
3
3
1
1
1
1
1
1
3
1
1
1
1
1
1
1
1
3
1
1
1
1
1
1
3
3
3
3
1
1
1
1
1
1
1
1
1
1
1
1
1
1
23
1
23
2
1
1
1
2
2
1
1
1
1
1
1
1
1
1
2
2
2
1
1
1
1
1
1
1
1
2
15
1
15
15
15
14
14
14
14
14
14
5
14
1
14
1
14
14
14
14
4
14
5
14
14
14
15
6
1
1
1
1
1
1
1
6
23
22
23
1
1
1
1
1
1
1
1
1
6
6
1
1
1
6
2
6
6
2
2
2
2
1
1
1
1
1
1
1
1
1
2
2
2
6
1
1
2
2
1
2
1
1
1
1
1
1
